67
2
8.1 32
6.4 33
6.1 34.2
5.8 31.8
7.2 35.8
9.8 36.7
7.5 33.8
10 29.2
8.4 37
8.9 35
7.2 31.2
10.6 34
11.2 31
9 30.4
9.2 33.5
11 36
8.3 29
10 31.8
7 29.6
11.7 33
22.9 11.4
25 11.4
22.4 6.2
21.9 7.8
22.3 9.9
23.9 13
24 5
24 8.7
24.4 7
25.3 3.8
25.8 9.6
25.8 13.2
26 6.2
26.8 8
28.4 10
26.7 4.2
28.3 7.4
27.3 6.5
27 12
28 5
43.6 41.2
45.2 37.7
44.6 42.4
46.2 37.6
47.5 36.9
44 36.6
42.7 40
46.6 35.5
44.9 39.8
43.8 38.8
42.8 37.7
44.9 35
45.7 42.3
48 38.5
46.5 39.6
49 37.5
46.9 42.2
48.2 36
49.1 39.4
48.2 40.8
27 40
34 24
21.4 23
29.7 54
27.8 31
25 -60
90 90